38.1447486877441 -76.4281311035156
38.1462707519531 -76.4281616210938
38.1516265869141 -76.4286804199219
38.1518898010254 -76.4314651489258
38.1505928039551 -76.4353637695313
38.1475677490234 -76.4323501586914
38.1446647644043 -76.4329452514648
38.1432571411133 -76.4347686767578
38.1404647827148 -76.4326324462891
38.1407203674316 -76.4260101318359
38.1437606811523 -76.4212036132813
38.147346496582 -76.423210144043
38.1461334228516 -76.4266510009766
38.1462707519531 -76.4281616210938
38.1462707519531 -76.4281616210938
